         546
           1           1          -1
           2           1          -1
           3           1          -1
           4           1          -1
           5           1          -1
           6           1          -1
           7           1          -1
           8           1          -1
           9           1          -1
          10           1          -1
          11           1          -1
          12           1          -1
          13           1          -1
          14           1          -1
          15           1          -1
          16           1          -1
          17           1          -1
          18           1          -1
          19           1          -1
          20           1          -1
          21           1          -1
          22           1          -1
          23           1          -1
          24           1          -1
          25           1          -1
          26           1          -1
          27           1          -1
          28           1          -1
          29           1          -1
          30           1          -1
          31           1          -1
          32           1          -1
          33           1          -1
          34           1          -1
          35           1          -1
          36           1          -1
          37           1          -1
          38           1          -1
          39           1          -1
          40           1          -1
          41           1          -1
          42           1          -1
          43           1          -1
          44           1          -1
          45           1          -1
          46           1          -1
          47           1          -1
          48           1          -1
          49           1          -1
          50           1          -1
          51           2           7
          52           2           7
          53           2           8
          54           2           8
          55           2           8
          56           2           8
          57           2           9
          58           2           9
          59           2          12
          60           2          12
          61           2          13
          62           2          13
          63           2          13
          64           2          13
          65           2          14
          66           2          14
          67           2          12
          68           2          12
          69           2          13
          70           2          13
          71           2          13
          72           2          13
          73           2          14
          74           2          14
          75           2          17
          76           2          17
          77           2          18
          78           2          18
          79           2          18
          80           2          18
          81           2          19
          82           2          19
          83           2          17
          84           2          17
          85           2          18
          86           2          18
          87           2          18
          88           2          18
          89           2          19
          90           2          19
          91           2          22
          92           2          22
          93           2          23
          94           2          23
          95           2          23
          96           2          23
          97           2          24
          98           2          24
          99           2          22
         100           2          22
         101           2          23
         102           2          23
         103           2          23
         104           2          23
         105           2          24
         106           2          24
         107           2          27
         108           2          27
         109           2          28
         110           2          28
         111           2          28
         112           2          28
         113           2          29
         114           2          29
         115           3          61
         116           3          61
         117           3          62
         118           3          62
         119           3          61
         120           3          61
         121           3          62
         122           3          62
         123           3          63
         124           3          63
         125           3          64
         126           3          64
         127           3          63
         128           3          63
         129           3          64
         130           3          64
         131           3          61
         132           3          61
         133           3          62
         134           3          62
         135           3          61
         136           3          61
         137           3          62
         138           3          62
         139           3          63
         140           3          63
         141           3          64
         142           3          64
         143           3          63
         144           3          63
         145           3          64
         146           3          64
         147           3          67
         148           3          67
         149           3          68
         150           3          68
         151           3          69
         152           3          69
         153           3          70
         154           3          70
         155           3          69
         156           3          69
         157           3          70
         158           3          70
         159           3          71
         160           3          71
         161           3          72
         162           3          72
         163           3          71
         164           3          71
         165           3          72
         166           3          72
         167           3          73
         168           3          73
         169           3          74
         170           3          74
         171           3          67
         172           3          67
         173           3          68
         174           3          68
         175           3          69
         176           3          69
         177           3          70
         178           3          70
         179           3          69
         180           3          69
         181           3          70
         182           3          70
         183           3          71
         184           3          71
         185           3          72
         186           3          72
         187           3          71
         188           3          71
         189           3          72
         190           3          72
         191           3          73
         192           3          73
         193           3          74
         194           3          74
         195           3          75
         196           3          75
         197           3          76
         198           3          76
         199           3          77
         200           3          77
         201           3          78
         202           3          78
         203           3          77
         204           3          77
         205           3          78
         206           3          78
         207           3          79
         208           3          79
         209           3          80
         210           3          80
         211           3          79
         212           3          79
         213           3          80
         214           3          80
         215           3          81
         216           3          81
         217           3          82
         218           3          82
         219           3          75
         220           3          75
         221           3          76
         222           3          76
         223           3          77
         224           3          77
         225           3          78
         226           3          78
         227           3          77
         228           3          77
         229           3          78
         230           3          78
         231           3          79
         232           3          79
         233           3          80
         234           3          80
         235           3          79
         236           3          79
         237           3          80
         238           3          80
         239           3          81
         240           3          81
         241           3          82
         242           3          82
         243           3          83
         244           3          83
         245           3          84
         246           3          84
         247           3          85
         248           3          85
         249           3          86
         250           3          86
         251           3          85
         252           3          85
         253           3          86
         254           3          86
         255           3          87
         256           3          87
         257           3          88
         258           3          88
         259           3          87
         260           3          87
         261           3          88
         262           3          88
         263           3          89
         264           3          89
         265           3          90
         266           3          90
         267           3          83
         268           3          83
         269           3          84
         270           3          84
         271           3          85
         272           3          85
         273           3          86
         274           3          86
         275           3          85
         276           3          85
         277           3          86
         278           3          86
         279           3          87
         280           3          87
         281           3          88
         282           3          88
         283           3          87
         284           3          87
         285           3          88
         286           3          88
         287           3          89
         288           3          89
         289           3          90
         290           3          90
         291           3          91
         292           3          91
         293           3          92
         294           3          92
         295           3          93
         296           3          93
         297           3          94
         298           3          94
         299           3          93
         300           3          93
         301           3          94
         302           3          94
         303           3          95
         304           3          95
         305           3          96
         306           3          96
         307           3          95
         308           3          95
         309           3          96
         310           3          96
         311           3          97
         312           3          97
         313           3          98
         314           3          98
         315           3          91
         316           3          91
         317           3          92
         318           3          92
         319           3          93
         320           3          93
         321           3          94
         322           3          94
         323           3          93
         324           3          93
         325           3          94
         326           3          94
         327           3          95
         328           3          95
         329           3          96
         330           3          96
         331           3          95
         332           3          95
         333           3          96
         334           3          96
         335           3          97
         336           3          97
         337           3          98
         338           3          98
         339           3          99
         340           3          99
         341           3         100
         342           3         100
         343           3         101
         344           3         101
         345           3         102
         346           3         102
         347           3         101
         348           3         101
         349           3         102
         350           3         102
         351           3         103
         352           3         103
         353           3         104
         354           3         104
         355           3         103
         356           3         103
         357           3         104
         358           3         104
         359           3         105
         360           3         105
         361           3         106
         362           3         106
         363           3          99
         364           3          99
         365           3         100
         366           3         100
         367           3         101
         368           3         101
         369           3         102
         370           3         102
         371           3         101
         372           3         101
         373           3         102
         374           3         102
         375           3         103
         376           3         103
         377           3         104
         378           3         104
         379           3         103
         380           3         103
         381           3         104
         382           3         104
         383           3         105
         384           3         105
         385           3         106
         386           3         106
         387           4         119
         388           4         119
         389           4         120
         390           4         120
         391           4         121
         392           4         121
         393           4         122
         394           4         122
         395           4         119
         396           4         119
         397           4         120
         398           4         120
         399           4         121
         400           4         121
         401           4         122
         402           4         122
         403           4         123
         404           4         123
         405           4         124
         406           4         124
         407           4         125
         408           4         125
         409           4         126
         410           4         126
         411           4         123
         412           4         123
         413           4         124
         414           4         124
         415           4         125
         416           4         125
         417           4         126
         418           4         126
         419           4         131
         420           4         131
         421           4         132
         422           4         132
         423           4         133
         424           4         133
         425           4         134
         426           4         134
         427           4         135
         428           4         135
         429           4         136
         430           4         136
         431           4         137
         432           4         137
         433           4         138
         434           4         138
         435           4         139
         436           4         139
         437           4         140
         438           4         140
         439           4         141
         440           4         141
         441           4         142
         442           4         142
         443           4         143
         444           4         143
         445           4         144
         446           4         144
         447           4         145
         448           4         145
         449           4         146
         450           4         146
         451           4         131
         452           4         131
         453           4         132
         454           4         132
         455           4         133
         456           4         133
         457           4         134
         458           4         134
         459           4         143
         460           4         143
         461           4         144
         462           4         144
         463           4         145
         464           4         145
         465           4         146
         466           4         146
         467           4         151
         468           4         151
         469           4         152
         470           4         152
         471           4         153
         472           4         153
         473           4         154
         474           4         154
         475           4         163
         476           4         163
         477           4         164
         478           4         164
         479           4         165
         480           4         165
         481           4         166
         482           4         166
         483           4         151
         484           4         151
         485           4         152
         486           4         152
         487           4         153
         488           4         153
         489           4         154
         490           4         154
         491           4         155
         492           4         155
         493           4         156
         494           4         156
         495           4         157
         496           4         157
         497           4         158
         498           4         158
         499           4         159
         500           4         159
         501           4         160
         502           4         160
         503           4         161
         504           4         161
         505           4         162
         506           4         162
         507           4         163
         508           4         163
         509           4         164
         510           4         164
         511           4         165
         512           4         165
         513           4         166
         514           4         166
         515           4         179
         516           4         179
         517           4         180
         518           4         180
         519           4         181
         520           4         181
         521           4         182
         522           4         182
         523           4         179
         524           4         179
         525           4         180
         526           4         180
         527           4         181
         528           4         181
         529           4         182
         530           4         182
         531           4         183
         532           4         183
         533           4         184
         534           4         184
         535           4         185
         536           4         185
         537           4         186
         538           4         186
         539           4         183
         540           4         183
         541           4         184
         542           4         184
         543           4         185
         544           4         185
         545           4         186
         546           4         186
